ref,value,footprint,x,y,side,angle,sheet
U1,ESP32-S3-WROOM-1-N16R8,Handset:ESP32-S3-WROOM-1_0.3mm_ThermalDrills,82,58,B,270,core
R1,10k,Resistor_SMD:R_0402_1005Metric,98,59,B,0,core
R2,10k,Resistor_SMD:R_0402_1005Metric,98,62,B,0,core
C1,1uF,Capacitor_SMD:C_0402_1005Metric,98,65,B,0,core
C2,10uF,Capacitor_SMD:C_0805_2012Metric,86,72,B,0,core
C3,100nF,Capacitor_SMD:C_0402_1005Metric,98,68,B,0,core
SW17,MCU_BOOT,Button_Switch_SMD:SW_SPST_TL3342,78,166,F,0,core
SW18,MCU_EN,Button_Switch_SMD:SW_SPST_TL3342,87,166,F,0,core
U2,TCA8418RTWR,Package_DFN_QFN:Texas_RTW_WQFN-24-1EP_4x4mm_P0.5mm_EP2.7x2.7mm,123,119,F,0,keys
C4,100nF,Capacitor_SMD:C_0402_1005Metric,128,119,F,0,keys
R3,4.7k,Resistor_SMD:R_0402_1005Metric,119,115,F,0,keys
R4,4.7k,Resistor_SMD:R_0402_1005Metric,122,115,F,0,keys
R5,10k,Resistor_SMD:R_0402_1005Metric,125,115,F,0,keys
SW1,1,Button_Switch_SMD:SW_SPST_TL3342,77.5,111,F,0,keys
SW2,2,Button_Switch_SMD:SW_SPST_TL3342,92.5,111,F,0,keys
SW3,3,Button_Switch_SMD:SW_SPST_TL3342,107.5,111,F,0,keys
SW4,4,Button_Switch_SMD:SW_SPST_TL3342,122.5,111,F,0,keys
SW5,5,Button_Switch_SMD:SW_SPST_TL3342,77.5,126,F,0,keys
SW6,6,Button_Switch_SMD:SW_SPST_TL3342,92.5,126,F,0,keys
SW7,7,Button_Switch_SMD:SW_SPST_TL3342,107.5,126,F,0,keys
SW8,8,Button_Switch_SMD:SW_SPST_TL3342,122.5,126,F,0,keys
SW9,9,Button_Switch_SMD:SW_SPST_TL3342,77.5,141,F,0,keys
SW10,10,Button_Switch_SMD:SW_SPST_TL3342,92.5,141,F,0,keys
SW11,11,Button_Switch_SMD:SW_SPST_TL3342,107.5,141,F,0,keys
SW12,12,Button_Switch_SMD:SW_SPST_TL3342,122.5,141,F,0,keys
SW13,13,Button_Switch_SMD:SW_SPST_TL3342,77.5,156,F,0,keys
SW14,14,Button_Switch_SMD:SW_SPST_TL3342,92.5,156,F,0,keys
SW15,15,Button_Switch_SMD:SW_SPST_TL3342,107.5,156,F,0,keys
SW16,16,Button_Switch_SMD:SW_SPST_TL3342,122.5,156,F,0,keys
U3,BQ25186DLHR,Package_DFN_QFN:Texas_DLH0010A_WSON-10-1EP_2.2x2mm_P0.4mm_EP0.9x1.5mm,121,61,B,90,power
J1,BATTERY_POLARITY_VERIFY,Connector_JST:JST_PH_B2B-PH-SM4-TB_1x02-1MP_P2.00mm_Vertical,125,103,B,0,power
J2,PACK_NTC_10K_B3435,Connector_JST:JST_GH_BM02B-GHS-TBT_1x02-1MP_P1.25mm_Vertical,126,68,B,0,power
R6,100k,Resistor_SMD:R_0402_1005Metric,116.5,60.5,B,0,power
R7,4.7k,Resistor_SMD:R_0402_1005Metric,111.5,66,B,0,power
C5,2.2uF 25V X7R,Capacitor_SMD:C_0805_2012Metric,124,58,B,90,power
C6,10uF 25V X5R,Capacitor_SMD:C_0805_2012Metric,124,63.5,B,0,power
C7,4.7uF 10V X7R,Capacitor_SMD:C_0603_1608Metric,118.8,64.5,B,0,power
USB1,USB4105,Connector_USB:USB_C_Receptacle_GCT_USB4105-xx-A_16P_TopMnt_Horizontal,130,56,F,90,usb
R8,100k,Resistor_SMD:R_0402_1005Metric,119,61.8,F,0,usb-detect
R9,887k 1%,Resistor_SMD:R_0402_1005Metric,124,59,F,0,usb-detect
U4,SX1262IMLTRT,Package_DFN_QFN:QFN-24-1EP_4x4mm_P0.5mm_EP2.6x2.6mm,113,36,B,0,radios
C8,100nF 10% X7R 16V,Capacitor_SMD:C_0402_1005Metric,114.8,32,B,0,radios
C9,470nF 10% X5R 10V,Capacitor_SMD:C_0402_1005Metric,108.3,31.5,B,0,radios
C10,100nF,Capacitor_SMD:C_0402_1005Metric,117,37,B,0,radios
R10,10k,Resistor_SMD:R_0402_1005Metric,110,42,B,0,radios
U5,CC1101RGPR,Package_DFN_QFN:Texas_RGP0020D_VQFN-20-1EP_4x4mm_P0.5mm_EP2.7x2.7mm,121.5,39,B,0,cc-radio
R11,56k 1%,Resistor_SMD:R_0402_1005Metric,123.8,42.85,B,90,cc-radio
R12,10k,Resistor_SMD:R_0402_1005Metric,121.2,44.2,B,0,cc-radio
C11,100nF 10% X7R 16V,Capacitor_SMD:C_0402_1005Metric,118,38.8,B,90,cc-radio
C12,100nF 10% X7R 16V,Capacitor_SMD:C_0402_1005Metric,118,40.8,B,90,cc-radio
U6,MAX98357AETE+,Package_DFN_QFN:TQFN-16-1EP_3x3mm_P0.5mm_EP1.23x1.23mm,78,84,B,0,audio
C13,100nF,Capacitor_SMD:C_0402_1005Metric,82,83,B,0,audio
C14,10uF,Capacitor_SMD:C_0805_2012Metric,73,86,B,0,audio
R13,100k,Resistor_SMD:R_0402_1005Metric,82,86,B,0,audio
J3,MEDIA_SPEAKER_DIFFERENTIAL,Connector_JST:JST_GH_BM02B-GHS-TBT_1x02-1MP_P1.25mm_Vertical,88,35,B,0,audio
MK1,SPH0645LM4H-1,Sensor_Audio:Knowles_SPH0645LM4H-6_3.5x2.65mm,100,168,F,0,audio
C15,100nF,Capacitor_SMD:C_0402_1005Metric,104,168,F,0,audio
J4,CALL_AUDIO_FROM_MODEM_ADAPTER,Connector_JST:JST_GH_BM04B-GHS-TBT_1x04-1MP_P1.25mm_Vertical,79,92,B,0,interfaces
J5,CALL_EARPIECE,Connector_JST:JST_GH_BM02B-GHS-TBT_1x02-1MP_P1.25mm_Vertical,88,43,B,0,interfaces
J6,CALL_MIC,Connector_JST:JST_GH_BM02B-GHS-TBT_1x02-1MP_P1.25mm_Vertical,111,165,B,0,interfaces
J16,EXPANSION_J16,Connector_JST:JST_GH_BM10B-GHS-TBT_1x10-1MP_P1.25mm_Vertical,100,72,B,0,protection
R20,33,Resistor_SMD:R_0402_1005Metric,94,78,B,0,protection
R21,33,Resistor_SMD:R_0402_1005Metric,96,78,B,0,protection
R22,33,Resistor_SMD:R_0402_1005Metric,98,78,B,0,protection
R23,33,Resistor_SMD:R_0402_1005Metric,100,78,B,0,protection
R24,33,Resistor_SMD:R_0402_1005Metric,102,78,B,0,protection
R25,33,Resistor_SMD:R_0402_1005Metric,104,78,B,0,protection
R26,33,Resistor_SMD:R_0402_1005Metric,106,78,B,0,protection
J7,PIM447_HARNESS_VERIFY,Connector_JST:JST_GH_BM06B-GHS-TBT_1x06-1MP_P1.25mm_Vertical,121,91,B,0,keys
J8,MODEM_ADAPTER_3V3_LOGIC,Connector_JST:JST_GH_BM06B-GHS-TBT_1x06-1MP_P1.25mm_Vertical,101,44,B,0,interfaces
J9,MODEM_POWER_ADAPTER_REQUIRED,Connector_JST:JST_GH_BM04B-GHS-TBT_1x04-1MP_P1.25mm_Vertical,110,61,B,0,interfaces
U7,TPS63802DLAR,Handset:TPS63802_DLA0010A,124,135,B,90,reg3
SW19,POWER,Handset:SW_SPDT_PCM12_EdgeAssembly,70,93,F,90,reg3
R30,100k,Resistor_SMD:R_0402_1005Metric,126.7,138.5,B,0,reg3
R31,560k 1%,Resistor_SMD:R_0402_1005Metric,121.6,138.3,B,0,reg3
R32,100k 1%,Resistor_SMD:R_0402_1005Metric,123.9,138.3,B,0,reg3
R33,100k,Resistor_SMD:R_0402_1005Metric,120.4,137.1,B,0,reg3
L1,XFL4020-471MEC / 0.47uH,Handset:Coilcraft_XFL4020,124,130.7,B,180,reg3
C20,10uF,Capacitor_SMD:C_0805_2012Metric,127.6,134.2,B,270,reg3
C21,22uF,Capacitor_SMD:C_0805_2012Metric,120.4,134.2,B,270,reg3
C22,22uF,Capacitor_SMD:C_0805_2012Metric,117.4,134.2,B,270,reg3
U8,MAX17048G+T,Package_DFN_QFN:TDFN-8-1EP_2x2mm_P0.5mm_EP0.8x1.2mm,126,112,B,0,power-control
C23,100nF,Capacitor_SMD:C_0402_1005Metric,129,112,B,0,power-control
U9,HTRC11001T,Package_SO:SOIC-14_3.9x8.7mm_P1.27mm,73,137,B,0,lf-radio
C24,100nF,Capacitor_SMD:C_0402_1005Metric,78,137,B,0,lf-radio
J10,LF_COIL_TUNING_REQUIRED,Connector_JST:JST_GH_BM02B-GHS-TBT_1x02-1MP_P1.25mm_Vertical,73,148,B,0,lf-radio
U10,TPS61023DRLR,Package_TO_SOT_SMD:SOT-563,73,119,B,0,aux-power
L2,XFL4020-102MEC / 1uH,Handset:Coilcraft_XFL4020,78,119,B,0,aux-power
R34,732k 1%,Resistor_SMD:R_0402_1005Metric,71,123,B,0,aux-power
R35,100k 1%,Resistor_SMD:R_0402_1005Metric,74,123,B,0,aux-power
C25,10uF,Capacitor_SMD:C_0805_2012Metric,72,115,B,0,aux-power
C26,22uF,Capacitor_SMD:C_0805_2012Metric,77,123,B,0,aux-power
U11,TPS62840DLCR,Package_SON:VSON-8_1.5x2mm_P0.5mm,123,96,B,0,aux-power
L3,XFL4020-222MEC / 2.2uH,Handset:Coilcraft_XFL4020,127,96.75,B,0,aux-power
C27,4.7uF,Capacitor_SMD:C_0603_1608Metric,120,96,B,0,aux-power
C28,10uF,Capacitor_SMD:C_0805_2012Metric,117,99,B,0,aux-power
U12,MAX-M10S-00B-01,RF_GPS:ublox_MAX,114,48,B,0,gnss-antennas
C29,100nF,Capacitor_SMD:C_0402_1005Metric,122,48,B,0,gnss-antennas
C30,1uF,Capacitor_SMD:C_0402_1005Metric,122,51,B,0,gnss-antennas
J20,LORA_915_ANT,Connector_Coaxial:U.FL_Hirose_U.FL-R-SMT-1_Vertical,118.5,33.5,B,0,radios
J21,CC1101_915_ANT,Connector_Coaxial:U.FL_Hirose_U.FL-R-SMT-1_Vertical,130.2,42.8,B,0,cc-radio
J22,GNSS_PASSIVE_ANT,Connector_Coaxial:U.FL_Hirose_U.FL-R-SMT-1_Vertical,126,48,B,0,gnss-antennas
U13,ST25R3916B-AQET,Package_DFN_QFN:VQFN-32-1EP_5x5mm_P0.5mm_EP3.5x3.5mm,121,80,B,0,nfc
C31,100nF,Capacitor_SMD:C_0402_1005Metric,117,76,B,0,nfc
C32,2.2uF,Capacitor_SMD:C_0603_1608Metric,115.5,79,B,0,nfc
C33,2.2uF,Capacitor_SMD:C_0603_1608Metric,115.5,82,B,0,nfc
C34,2.2uF,Capacitor_SMD:C_0603_1608Metric,121,85,B,0,nfc
C35,2.2uF,Capacitor_SMD:C_0603_1608Metric,124,85,B,0,nfc
C36,10nF,Capacitor_SMD:C_0402_1005Metric,128,81,B,0,nfc
C37,1uF,Capacitor_SMD:C_0402_1005Metric,128,78,B,0,nfc
R40,10k,Resistor_SMD:R_0402_1005Metric,125,74,B,0,nfc
Y1,ABM8-27.120MHZ-B2-T,Crystal:Crystal_SMD_3225-4Pin_3.2x2.5mm,121,75,B,0,nfc
C38,27pF C0G,Capacitor_SMD:C_0402_1005Metric,116.5,73,B,0,nfc
C39,27pF C0G,Capacitor_SMD:C_0402_1005Metric,121,72,B,0,nfc
U14,TPS2553DBVR,Package_TO_SOT_SMD:SOT-23-6,78,99,B,0,protection
R41,100k 1%,Resistor_SMD:R_0402_1005Metric,75,97,B,0,protection
R42,100k,Resistor_SMD:R_0402_1005Metric,75,100,B,0,protection
C40,100nF,Capacitor_SMD:C_0402_1005Metric,81,97,B,0,protection
C41,10uF,Capacitor_SMD:C_0805_2012Metric,83,101,B,0,protection
U15,TPD4E05U06DQAR,Package_SON:USON-10_2.5x1.0mm_P0.5mm,89,75,B,0,protection
U16,TPD4E05U06DQAR,Package_SON:USON-10_2.5x1.0mm_P0.5mm,91,78,B,0,protection
U17,TPD4E05U06DQAR,Package_SON:USON-10_2.5x1.0mm_P0.5mm,121,53,F,0,usb
J23,DM3D-SF,Connector_Card:microSD_HC_Hirose_DM3D-SF,123,99,F,90,storage-ir
R43,47k,Resistor_SMD:R_0402_1005Metric,116,89,F,0,storage-ir
R44,47k,Resistor_SMD:R_0402_1005Metric,119,89,F,0,storage-ir
R45,47k,Resistor_SMD:R_0402_1005Metric,122,89,F,0,storage-ir
C42,100nF,Capacitor_SMD:C_0402_1005Metric,126,89,F,0,storage-ir
C43,10uF,Capacitor_SMD:C_0805_2012Metric,129,89,F,0,storage-ir
Q1,AO3400A,Package_TO_SOT_SMD:SOT-23,96,35,B,0,storage-ir
R46,100,Resistor_SMD:R_0402_1005Metric,93,38,B,0,storage-ir
R47,100k,Resistor_SMD:R_0402_1005Metric,96,38,B,0,storage-ir
R48,47 1% 0.125W,Resistor_SMD:R_0805_2012Metric,96,31.5,B,0,storage-ir
J24,TSAL6400_CASE_LED,Connector_JST:JST_GH_BM02B-GHS-TBT_1x02-1MP_P1.25mm_Vertical,81,34,B,0,storage-ir
J25,TSOP38438_CASE_RX,Connector_JST:JST_GH_BM03B-GHS-TBT_1x03-1MP_P1.25mm_Vertical,103,35,B,0,storage-ir
R49,100,Resistor_SMD:R_0402_1005Metric,106,39,B,0,storage-ir
C44,1uF,Capacitor_SMD:C_0402_1005Metric,108,42,B,0,storage-ir
U18,SN74AHCT125PWR,Package_SO:TSSOP-14_4.4x5mm_P0.65mm,82,130,B,0,lf-support
U19,SN74LVC1G17DBVR,Package_TO_SOT_SMD:SOT-23-5,82,136,B,0,lf-support
C45,100nF,Capacitor_SMD:C_0402_1005Metric,87,130,B,0,lf-support
C46,100nF,Capacitor_SMD:C_0402_1005Metric,86,136,B,0,lf-support
R50,100k,Resistor_SMD:R_0402_1005Metric,88,133,B,0,lf-support
R51,100k,Resistor_SMD:R_0402_1005Metric,88,136,B,0,lf-support
J26,FH12A-50S-0.5SH(55),Handset:FH12A-50S-0.5SH_TopContact,100,65,F,0,display
R52,150 1% 0.1W,Resistor_SMD:R_0603_1608Metric,91,74,F,0,display
R53,150 1% 0.1W,Resistor_SMD:R_0603_1608Metric,94,74,F,0,display
R54,150 1% 0.1W,Resistor_SMD:R_0603_1608Metric,97,74,F,0,display
R55,150 1% 0.1W,Resistor_SMD:R_0603_1608Metric,100,74,F,0,display
Q2,AO3400A,Package_TO_SOT_SMD:SOT-23,107,74,F,0,display
R56,100,Resistor_SMD:R_0402_1005Metric,111,74,F,0,display
R57,100k,Resistor_SMD:R_0402_1005Metric,111,77,F,0,display
R58,10k,Resistor_SMD:R_0402_1005Metric,83,61,F,0,display
C47,100nF,Capacitor_SMD:C_0402_1005Metric,118,65,F,0,display
C48,4.7uF,Capacitor_SMD:C_0603_1608Metric,118,68,F,0,display
C49,10uF,Capacitor_SMD:C_0805_2012Metric,118,72,F,0,display
R59,10k,Resistor_SMD:R_0402_1005Metric,100,60,F,0,display
U20,TPS63070RNMR,Handset:TPS63070_RNM0015A,98,45,F,0,modem-power
L4,XFL4020-152MEC / 1.5uH,Handset:Coilcraft_XFL4020,103,45,F,0,modem-power
C50,10uF 10V X7R,Capacitor_SMD:C_0805_2012Metric,95,42,F,0,modem-power
C51,10uF 10V X7R,Capacitor_SMD:C_0805_2012Metric,99,41,F,0,modem-power
C52,22uF 10V X5R,Capacitor_SMD:C_0805_2012Metric,102,50,F,0,modem-power
C53,22uF 10V X5R,Capacitor_SMD:C_0805_2012Metric,106,50,F,0,modem-power
C54,22uF 10V X5R,Capacitor_SMD:C_0805_2012Metric,110,50,F,0,modem-power
C55,100nF,Capacitor_SMD:C_0402_1005Metric,94,45,F,0,modem-power
R60,374k 1%,Resistor_SMD:R_0402_1005Metric,94,48,F,0,modem-power
R61,100k 1%,Resistor_SMD:R_0402_1005Metric,97,49,F,0,modem-power
R62,390k 1%,Resistor_SMD:R_0402_1005Metric,90,42,F,0,modem-power
R63,100k 1%,Resistor_SMD:R_0402_1005Metric,90,45,F,0,modem-power
Q3,AO3400A,Package_TO_SOT_SMD:SOT-23,85,45,F,0,modem-power
Q4,AO3400A,Package_TO_SOT_SMD:SOT-23,80,45,F,0,modem-power
R64,100k,Resistor_SMD:R_0402_1005Metric,85,41,F,0,modem-power
U21,TPS25200DRVR,Package_SON:WSON-6-1EP_2x2mm_P0.65mm_EP1x1.6mm,125,63,F,0,usb-input
U22,TUSB320LAIRWBR,Package_DFN_QFN:Texas_X2QFN-12_1.6x1.6mm_P0.4mm,121,57,F,0,usb-detect
U23,TLV70433DBVR,Package_TO_SOT_SMD:SOT-23-5,116.5,55.5,F,0,usb-detect
U24,TCA9536DGKR,Package_SO:VSSOP-8_3x3mm_P0.65mm,104.5,55.8,B,0,power-control
Q5,AO3400A,Package_TO_SOT_SMD:SOT-23,115.5,66,B,0,power
Q7,AO3400A,Package_TO_SOT_SMD:SOT-23,111,56,F,0,usb-detect
Q6,AO3401A,Package_TO_SOT_SMD:SOT-23,116.5,59.8,F,0,usb-detect
D1,SMF5.0A / Diotec,Diode_SMD:D_SOD-123F,130,69,F,90,usb-input
D2,"BAT54C,215",Package_TO_SOT_SMD:SOT-23,122,66.5,F,0,usb-detect
F1,046701.5NRHF / 1.5A,Fuse:Fuse_0603_1608Metric,130,56,B,0,usb-input
F2,046701.5NRHF / 1.5A,Fuse:Fuse_0603_1608Metric,119,107.5,B,0,power
R65,100k 1%,Resistor_SMD:R_0402_1005Metric,125,69.5,F,0,usb-input
R66,10k,Resistor_SMD:R_0402_1005Metric,110,55.3,B,0,usb-input
R67,100k,Resistor_SMD:R_0402_1005Metric,125,66.5,F,0,usb-input
R68,4.7k,Resistor_SMD:R_0402_1005Metric,103,59,B,0,power-control
R69,10k,Resistor_SMD:R_0402_1005Metric,112,57,B,0,usb-detect
R70,4.7k,Resistor_SMD:R_0402_1005Metric,110,60.5,F,0,usb-detect
C56,100nF 50V X7R,Capacitor_SMD:C_0603_1608Metric,115.5,52.5,F,0,usb-detect
C57,2.2uF 10V X7R,Capacitor_SMD:C_0603_1608Metric,112.9,59.3,F,0,usb-detect
C58,100nF 10V X7R,Capacitor_SMD:C_0402_1005Metric,122,59.8,F,0,usb-detect
C59,100nF 50V X7R,Capacitor_SMD:C_0603_1608Metric,129.5,63.5,F,0,usb-input
C60,100nF 10V X7R,Capacitor_SMD:C_0402_1005Metric,101.5,53.5,B,0,power-control
Y2,26MHz CL10pF,Handset:ABM8_3225,123.5,31,B,0,cc-radio
C61,15pF 5% C0G 50V,Capacitor_SMD:C_0402_1005Metric,120.9,30.4,B,90,cc-radio
C62,15pF 5% C0G 50V,Capacitor_SMD:C_0402_1005Metric,126.5,30.4,B,90,cc-radio
C63,1pF 0.25pF C0G 50V,Capacitor_SMD:C_0402_1005Metric,127.8,37.6,B,90,cc-radio
C64,1.5pF 0.25pF C0G 50V,Capacitor_SMD:C_0402_1005Metric,130,35.6,B,0,cc-radio
C65,3.3pF 0.25pF C0G 50V,Capacitor_SMD:C_0402_1005Metric,132,37,B,90,cc-radio
C66,100pF 5% C0G 50V,Capacitor_SMD:C_0402_1005Metric,125.6,34,B,0,cc-radio
C67,12pF 5% C0G 50V,Capacitor_SMD:C_0402_1005Metric,126,42.8,B,0,cc-radio
C68,1.5pF 0.25pF C0G 50V,Capacitor_SMD:C_0402_1005Metric,127.8,39.3,B,0,cc-radio
L5,12nH 5%,Inductor_SMD:L_0402_1005Metric,125.6,37,B,0,cc-radio
L6,12nH 5%,Inductor_SMD:L_0402_1005Metric,125.6,38.3,B,0,cc-radio
L7,18nH 5%,Inductor_SMD:L_0402_1005Metric,127.8,35.4,B,0,cc-radio
L8,18nH 5%,Inductor_SMD:L_0402_1005Metric,130,38.2,B,0,cc-radio
L9,12nH 5%,Inductor_SMD:L_0402_1005Metric,130,39.5,B,0,cc-radio
L10,12nH 5%,Inductor_SMD:L_0402_1005Metric,130,36.9,B,0,cc-radio
C69,100nF 10% X7R 16V,Capacitor_SMD:C_0402_1005Metric,121.5,35.7,B,0,cc-radio
C70,100nF 10% X7R 16V,Capacitor_SMD:C_0402_1005Metric,123.6,34.5,B,0,cc-radio
C71,100nF 10% X7R 16V,Capacitor_SMD:C_0402_1005Metric,125.6,39.7,B,0,cc-radio
C72,100nF 10% X7R 16V,Capacitor_SMD:C_0402_1005Metric,125.6,41,B,0,cc-radio
C73,100nF 10% X7R 16V,Capacitor_SMD:C_0402_1005Metric,121.5,42.5,B,0,cc-radio
C74,1uF 10% X5R 10V,Capacitor_SMD:C_0402_1005Metric,121.2,46,B,90,cc-radio
L11,1kohm @100MHz,Inductor_SMD:L_0402_1005Metric,116.8,41.3,B,90,cc-radio
TP1,CC_GDO2_TEST,TestPoint:TestPoint_Pad_D1.0mm,118.2,30,B,0,cc-radio
L12,15uH 20%,Inductor_SMD:L_TDK_MLZ2012_h1.25mm,111,31.5,B,0,radios
C75,100nF 10% X7R 16V,Capacitor_SMD:C_0402_1005Metric,108.6,37.3,B,0,radios
C76,100nF 10% X7R 16V,Capacitor_SMD:C_0402_1005Metric,114.8,30.5,B,0,radios
U25,STM32G031G8U6,Package_DFN_QFN:QFN-28_4x4mm_P0.5mm,100,113,B,0,power-supervisor
U26,TPS7A0230PDBVR,Package_TO_SOT_SMD:SOT-23-5,91,111,B,0,power-supervisor
U27,TCA9800DGKR,Package_SO:VSSOP-8_3x3mm_P0.65mm,111,115,B,0,power-supervisor
C77,4.7uF 10% X5R 25V,Capacitor_SMD:C_0603_1608Metric,88,108,B,0,power-supervisor
C78,4.7uF 10% X5R 25V,Capacitor_SMD:C_0603_1608Metric,94,108,B,0,power-supervisor
C79,100nF 10% X7R 16V,Capacitor_SMD:C_0402_1005Metric,100,109,B,0,power-supervisor
C80,4.7uF 10% X5R 25V,Capacitor_SMD:C_0603_1608Metric,103,109,B,0,power-supervisor
C81,100nF 10% X7R 16V,Capacitor_SMD:C_0402_1005Metric,114,111,B,0,power-supervisor
C82,100nF 10% X7R 16V,Capacitor_SMD:C_0402_1005Metric,106,111,B,0,power-supervisor
C83,100nF 10% X7R 16V,Capacitor_SMD:C_0402_1005Metric,98,118,B,0,power-supervisor
R76,10k 1%,Resistor_SMD:R_0402_1005Metric,96,113,B,0,power-supervisor
R77,10k 1%,Resistor_SMD:R_0402_1005Metric,96,115,B,0,power-supervisor
R78,10k 1%,Resistor_SMD:R_0402_1005Metric,98,120,B,0,power-supervisor
TP2,PWR_AON_3V0,TestPoint:TestPoint_Pad_D1.0mm,90,125,B,0,power-supervisor
TP3,GND,TestPoint:TestPoint_Pad_D1.0mm,94,125,B,0,power-supervisor
TP4,PWR_SWDIO,TestPoint:TestPoint_Pad_D1.0mm,98,125,B,0,power-supervisor
TP5,PWR_SWCLK,TestPoint:TestPoint_Pad_D1.0mm,102,125,B,0,power-supervisor
TP6,PWR_NRST,TestPoint:TestPoint_Pad_D1.0mm,106,125,B,0,power-supervisor
